442527034713585
547099307240274
2656127034523048
1517536062057094
5968192569898100
516346247024814
5556510891107942
679583797193049
465402539038284
5543707112408908
917861515844743
868882844287673
5864480280314445
478810300901183
454709886733980
499114408814119
616926230207128
5407453789382402
8438346376238951
672119574282393
5148710685234771
1123268775222292
877671919931039
834017197693358
527840282569144
678460847073332
869637407548778
550439129839919
1159903208223612
885642889272927
447188370820847
646059087035910
693595659036675
5786068678116737
518696293515792
1810425985986371
1165846927365698
2056866217842041
405359601769703
610582887420963
1123721515205350
465082992111228
785804349448100
1293741784787414
655049616006455
1223647794941430
673860860644020
1344530192965460
5482576471840511
574649307713500
805046083926670
982215036033555
430085349025277
1203874270214350
672334160962611
617402486635873
800552897685741
1282050359306232
3315502618705279
791818101902595
856666958732825
382963093930088
577354937530136
1293214384867285
1174560829854203
843068297118360
456960576375513
439979728292173
1191340838160450
3357602781156076
3055837888049548
1061712974753690
1143438566246635
1438553253334889
478314040785906
818197139485393
543058307670268
1199285017465187
964771677819031
669663698146170
